% -------------------------------------------------------------------
%  Generated by MATLAB on 1-Dec-2021 14:08:17
%  MATLAB version: 9.11.0.1809720 (R2021b) Update 1
% -------------------------------------------------------------------
                                         

controlBT = 1;

controlEng = 1;

controlFC = 0;

controlFW = 0;

controlHS = 1;

controlSol = 0;

controlW = 0;

controlWW = 0;

